min	max	iJumps
(2500, [1.94752e+06, 2.14995e+06], [1])
(2500, [2.14995e+06, 2.35239e+06], [5])
(2500, [2.35239e+06, 2.55482e+06], [4])
(2500, [2.55482e+06, 2.75726e+06], [7])
(2500, [2.75726e+06, 2.9597e+06], [7])
(2500, [2.9597e+06, 3.16213e+06], [15])
(2500, [3.16213e+06, 3.36457e+06], [5])
(2500, [3.36457e+06, 3.567e+06], [14])
(2500, [3.567e+06, 3.76944e+06], [5])
(2500, [3.76944e+06, 3.97187e+06], [0])
(2500, [3.97187e+06, 4.17431e+06], [10])
(2500, [4.17431e+06, 4.37674e+06], [4])
(2500, [4.37674e+06, 4.57918e+06], [9])
(2500, [4.57918e+06, 4.78161e+06], [4])
(2500, [4.78161e+06, 4.98405e+06], [1])
(2500, [4.98405e+06, 5.18648e+06], [3])
(2500, [5.18648e+06, 5.38892e+06], [1])
(2500, [5.38892e+06, 5.59135e+06], [1])
(2500, [5.59135e+06, 5.79379e+06], [1])
(2500, [5.79379e+06, 5.99622e+06], [3])
(1500, [124198, 140872], [4])
(1500, [140872, 157546], [6])
(1500, [157546, 174220], [6])
(1500, [174220, 190893], [5])
(1500, [190893, 207567], [10])
(1500, [207567, 224241], [12])
(1500, [224241, 240915], [5])
(1500, [240915, 257589], [11])
(1500, [257589, 274263], [5])
(1500, [274263, 290936], [7])
(1500, [290936, 307610], [12])
(1500, [307610, 324284], [5])
(1500, [324284, 340958], [1])
(1500, [340958, 357632], [3])
(1500, [357632, 374306], [3])
(1500, [374306, 390980], [3])
(1500, [390980, 407653], [1])
(1500, [407653, 424327], [0])
(1500, [424327, 441001], [0])
(1500, [441001, 457675], [1])
(500, [0, 0], [100])
(500, [0, 0], [0])
(500, [0, 0], [0])
(500, [0, 0], [0])
(500, [0, 0], [0])
(500, [0, 0], [0])
(500, [0, 0], [0])
(500, [0, 0], [0])
(500, [0, 0], [0])
(500, [0, 0], [0])
(500, [0, 0], [0])
(500, [0, 0], [0])
(500, [0, 0], [0])
(500, [0, 0], [0])
(500, [0, 0], [0])
(500, [0, 0], [0])
(500, [0, 0], [0])
(500, [0, 0], [0])
(500, [0, 0], [0])
(500, [0, 0], [0])
