min	max	nInterstitial
(2500, [36, 37.2], [2])
(2500, [37.2, 38.4], [0])
(2500, [38.4, 39.6], [4])
(2500, [39.6, 40.8], [3])
(2500, [40.8, 42], [4])
(2500, [42, 43.2], [17])
(2500, [43.2, 44.4], [9])
(2500, [44.4, 45.6], [7])
(2500, [45.6, 46.8], [13])
(2500, [46.8, 48], [7])
(2500, [48, 49.2], [15])
(2500, [49.2, 50.4], [6])
(2500, [50.4, 51.6], [1])
(2500, [51.6, 52.8], [0])
(2500, [52.8, 54], [3])
(2500, [54, 55.2], [4])
(2500, [55.2, 56.4], [1])
(2500, [56.4, 57.6], [0])
(2500, [57.6, 58.8], [2])
(2500, [58.8, 60], [2])
(1500, [31, 32.05], [2])
(1500, [32.05, 33.1], [0])
(1500, [33.1, 34.15], [3])
(1500, [34.15, 35.2], [0])
(1500, [35.2, 36.25], [7])
(1500, [36.25, 37.3], [9])
(1500, [37.3, 38.35], [7])
(1500, [38.35, 39.4], [1])
(1500, [39.4, 40.45], [10])
(1500, [40.45, 41.5], [10])
(1500, [41.5, 42.55], [5])
(1500, [42.55, 43.6], [10])
(1500, [43.6, 44.65], [12])
(1500, [44.65, 45.7], [3])
(1500, [45.7, 46.75], [8])
(1500, [46.75, 47.8], [4])
(1500, [47.8, 48.85], [2])
(1500, [48.85, 49.9], [1])
(1500, [49.9, 50.95], [4])
(1500, [50.95, 52], [2])
(500, [32, 33.15], [1])
(500, [33.15, 34.3], [4])
(500, [34.3, 35.45], [4])
(500, [35.45, 36.6], [1])
(500, [36.6, 37.75], [5])
(500, [37.75, 38.9], [5])
(500, [38.9, 40.05], [8])
(500, [40.05, 41.2], [10])
(500, [41.2, 42.35], [8])
(500, [42.35, 43.5], [8])
(500, [43.5, 44.65], [7])
(500, [44.65, 45.8], [6])
(500, [45.8, 46.95], [6])
(500, [46.95, 48.1], [12])
(500, [48.1, 49.25], [7])
(500, [49.25, 50.4], [1])
(500, [50.4, 51.55], [1])
(500, [51.55, 52.7], [0])
(500, [52.7, 53.85], [3])
(500, [53.85, 55], [3])
