min	max	steps
(2500, [2.47653e+06, 2.7338e+06], [1])
(2500, [2.7338e+06, 2.99106e+06], [5])
(2500, [2.99106e+06, 3.24832e+06], [4])
(2500, [3.24832e+06, 3.50558e+06], [7])
(2500, [3.50558e+06, 3.76284e+06], [7])
(2500, [3.76284e+06, 4.0201e+06], [15])
(2500, [4.0201e+06, 4.27736e+06], [5])
(2500, [4.27736e+06, 4.53462e+06], [14])
(2500, [4.53462e+06, 4.79188e+06], [5])
(2500, [4.79188e+06, 5.04914e+06], [0])
(2500, [5.04914e+06, 5.30641e+06], [10])
(2500, [5.30641e+06, 5.56367e+06], [4])
(2500, [5.56367e+06, 5.82093e+06], [9])
(2500, [5.82093e+06, 6.07819e+06], [4])
(2500, [6.07819e+06, 6.33545e+06], [1])
(2500, [6.33545e+06, 6.59271e+06], [3])
(2500, [6.59271e+06, 6.84997e+06], [1])
(2500, [6.84997e+06, 7.10723e+06], [1])
(2500, [7.10723e+06, 7.36449e+06], [1])
(2500, [7.36449e+06, 7.62176e+06], [3])
(1500, [1.84109e+06, 2.08781e+06], [4])
(1500, [2.08781e+06, 2.33453e+06], [6])
(1500, [2.33453e+06, 2.58125e+06], [6])
(1500, [2.58125e+06, 2.82797e+06], [5])
(1500, [2.82797e+06, 3.07468e+06], [10])
(1500, [3.07468e+06, 3.3214e+06], [12])
(1500, [3.3214e+06, 3.56812e+06], [5])
(1500, [3.56812e+06, 3.81484e+06], [11])
(1500, [3.81484e+06, 4.06156e+06], [5])
(1500, [4.06156e+06, 4.30828e+06], [6])
(1500, [4.30828e+06, 4.55499e+06], [12])
(1500, [4.55499e+06, 4.80171e+06], [6])
(1500, [4.80171e+06, 5.04843e+06], [1])
(1500, [5.04843e+06, 5.29515e+06], [3])
(1500, [5.29515e+06, 5.54187e+06], [4])
(1500, [5.54187e+06, 5.78858e+06], [2])
(1500, [5.78858e+06, 6.0353e+06], [1])
(1500, [6.0353e+06, 6.28202e+06], [0])
(1500, [6.28202e+06, 6.52874e+06], [0])
(1500, [6.52874e+06, 6.77546e+06], [1])
(500, [1.73426e+06, 1.92651e+06], [3])
(500, [1.92651e+06, 2.11876e+06], [2])
(500, [2.11876e+06, 2.31101e+06], [8])
(500, [2.31101e+06, 2.50327e+06], [4])
(500, [2.50327e+06, 2.69552e+06], [12])
(500, [2.69552e+06, 2.88777e+06], [6])
(500, [2.88777e+06, 3.08003e+06], [9])
(500, [3.08003e+06, 3.27228e+06], [9])
(500, [3.27228e+06, 3.46453e+06], [5])
(500, [3.46453e+06, 3.65678e+06], [9])
(500, [3.65678e+06, 3.84904e+06], [8])
(500, [3.84904e+06, 4.04129e+06], [5])
(500, [4.04129e+06, 4.23354e+06], [7])
(500, [4.23354e+06, 4.4258e+06], [2])
(500, [4.4258e+06, 4.61805e+06], [2])
(500, [4.61805e+06, 4.8103e+06], [3])
(500, [4.8103e+06, 5.00255e+06], [3])
(500, [5.00255e+06, 5.19481e+06], [0])
(500, [5.19481e+06, 5.38706e+06], [2])
(500, [5.38706e+06, 5.57931e+06], [1])
