min	max	time
(2500, [1.02474e-08, 1.18235e-08], [1])
(2500, [1.18235e-08, 1.33995e-08], [1])
(2500, [1.33995e-08, 1.49756e-08], [7])
(2500, [1.49756e-08, 1.65516e-08], [5])
(2500, [1.65516e-08, 1.81277e-08], [10])
(2500, [1.81277e-08, 1.97037e-08], [9])
(2500, [1.97037e-08, 2.12798e-08], [15])
(2500, [2.12798e-08, 2.28558e-08], [8])
(2500, [2.28558e-08, 2.44319e-08], [5])
(2500, [2.44319e-08, 2.60079e-08], [7])
(2500, [2.60079e-08, 2.7584e-08], [6])
(2500, [2.7584e-08, 2.916e-08], [7])
(2500, [2.916e-08, 3.07361e-08], [6])
(2500, [3.07361e-08, 3.23121e-08], [5])
(2500, [3.23121e-08, 3.38882e-08], [0])
(2500, [3.38882e-08, 3.54642e-08], [2])
(2500, [3.54642e-08, 3.70402e-08], [1])
(2500, [3.70402e-08, 3.86163e-08], [2])
(2500, [3.86163e-08, 4.01924e-08], [1])
(2500, [4.01924e-08, 4.17684e-08], [2])
(1500, [5.43094e-08, 6.41495e-08], [6])
(1500, [6.41495e-08, 7.39896e-08], [4])
(1500, [7.39896e-08, 8.38296e-08], [3])
(1500, [8.38296e-08, 9.36697e-08], [7])
(1500, [9.36697e-08, 1.0351e-07], [16])
(1500, [1.0351e-07, 1.1335e-07], [6])
(1500, [1.1335e-07, 1.2319e-07], [10])
(1500, [1.2319e-07, 1.3303e-07], [8])
(1500, [1.3303e-07, 1.4287e-07], [8])
(1500, [1.4287e-07, 1.5271e-07], [10])
(1500, [1.5271e-07, 1.6255e-07], [6])
(1500, [1.6255e-07, 1.7239e-07], [6])
(1500, [1.7239e-07, 1.8223e-07], [1])
(1500, [1.8223e-07, 1.92071e-07], [1])
(1500, [1.92071e-07, 2.01911e-07], [5])
(1500, [2.01911e-07, 2.11751e-07], [1])
(1500, [2.11751e-07, 2.21591e-07], [0])
(1500, [2.21591e-07, 2.31431e-07], [0])
(1500, [2.31431e-07, 2.41271e-07], [1])
(1500, [2.41271e-07, 2.51111e-07], [1])
(500, [2.55599e-07, 2.94655e-07], [4])
(500, [2.94655e-07, 3.33711e-07], [3])
(500, [3.33711e-07, 3.72767e-07], [6])
(500, [3.72767e-07, 4.11823e-07], [8])
(500, [4.11823e-07, 4.50879e-07], [10])
(500, [4.50879e-07, 4.89935e-07], [8])
(500, [4.89935e-07, 5.28991e-07], [9])
(500, [5.28991e-07, 5.68047e-07], [7])
(500, [5.68047e-07, 6.07103e-07], [8])
(500, [6.07103e-07, 6.4616e-07], [10])
(500, [6.4616e-07, 6.85216e-07], [5])
(500, [6.85216e-07, 7.24272e-07], [2])
(500, [7.24272e-07, 7.63328e-07], [6])
(500, [7.63328e-07, 8.02384e-07], [4])
(500, [8.02384e-07, 8.4144e-07], [3])
(500, [8.4144e-07, 8.80496e-07], [3])
(500, [8.80496e-07, 9.19552e-07], [2])
(500, [9.19552e-07, 9.58608e-07], [0])
(500, [9.58608e-07, 9.97664e-07], [0])
(500, [9.97664e-07, 1.03672e-06], [2])
