min	max	vJumps
(2500, [529015, 583841], [1])
(2500, [583841, 638666], [5])
(2500, [638666, 693492], [4])
(2500, [693492, 748318], [7])
(2500, [748318, 803144], [8])
(2500, [803144, 857970], [14])
(2500, [857970, 912795], [5])
(2500, [912795, 967621], [14])
(2500, [967621, 1.02245e+06], [5])
(2500, [1.02245e+06, 1.07727e+06], [0])
(2500, [1.07727e+06, 1.1321e+06], [10])
(2500, [1.1321e+06, 1.18692e+06], [4])
(2500, [1.18692e+06, 1.24175e+06], [9])
(2500, [1.24175e+06, 1.29658e+06], [4])
(2500, [1.29658e+06, 1.3514e+06], [1])
(2500, [1.3514e+06, 1.40623e+06], [3])
(2500, [1.40623e+06, 1.46105e+06], [1])
(2500, [1.46105e+06, 1.51588e+06], [1])
(2500, [1.51588e+06, 1.5707e+06], [1])
(2500, [1.5707e+06, 1.62553e+06], [3])
(1500, [1.7169e+06, 1.94694e+06], [4])
(1500, [1.94694e+06, 2.17698e+06], [6])
(1500, [2.17698e+06, 2.40703e+06], [6])
(1500, [2.40703e+06, 2.63707e+06], [5])
(1500, [2.63707e+06, 2.86712e+06], [10])
(1500, [2.86712e+06, 3.09716e+06], [12])
(1500, [3.09716e+06, 3.32721e+06], [5])
(1500, [3.32721e+06, 3.55725e+06], [11])
(1500, [3.55725e+06, 3.78729e+06], [5])
(1500, [3.78729e+06, 4.01734e+06], [6])
(1500, [4.01734e+06, 4.24738e+06], [12])
(1500, [4.24738e+06, 4.47743e+06], [6])
(1500, [4.47743e+06, 4.70747e+06], [1])
(1500, [4.70747e+06, 4.93752e+06], [3])
(1500, [4.93752e+06, 5.16756e+06], [4])
(1500, [5.16756e+06, 5.3976e+06], [2])
(1500, [5.3976e+06, 5.62765e+06], [1])
(1500, [5.62765e+06, 5.85769e+06], [0])
(1500, [5.85769e+06, 6.08774e+06], [0])
(1500, [6.08774e+06, 6.31778e+06], [1])
(500, [1.73426e+06, 1.92651e+06], [3])
(500, [1.92651e+06, 2.11876e+06], [2])
(500, [2.11876e+06, 2.31101e+06], [8])
(500, [2.31101e+06, 2.50327e+06], [4])
(500, [2.50327e+06, 2.69552e+06], [12])
(500, [2.69552e+06, 2.88777e+06], [6])
(500, [2.88777e+06, 3.08003e+06], [9])
(500, [3.08003e+06, 3.27228e+06], [9])
(500, [3.27228e+06, 3.46453e+06], [5])
(500, [3.46453e+06, 3.65678e+06], [9])
(500, [3.65678e+06, 3.84904e+06], [8])
(500, [3.84904e+06, 4.04129e+06], [5])
(500, [4.04129e+06, 4.23354e+06], [7])
(500, [4.23354e+06, 4.4258e+06], [2])
(500, [4.4258e+06, 4.61805e+06], [2])
(500, [4.61805e+06, 4.8103e+06], [3])
(500, [4.8103e+06, 5.00255e+06], [3])
(500, [5.00255e+06, 5.19481e+06], [0])
(500, [5.19481e+06, 5.38706e+06], [2])
(500, [5.38706e+06, 5.57931e+06], [1])
