1 66.1816 62.3498 84.5947 33544 1 1 
2 66.6031 64.1121 86.0961 34793 1 1 
3 75.9612 79.1393 69.5845 90049 1 0 
4 66.4523 63.2616 85.4428 34793 1 0 
5 72.13 86.1957 58.4488 86397 1 1 
6 70.4518 87.7976 58.4642 85146 1 1 
7 78.4328 87.0493 68.8654 88950 1 1 
8 76.6511 87.0099 67.3452 88949 1 1 
9 54.5264 102.027 74.5983 91635 1 1 
10 56.0819 103.718 73.9642 91636 1 1 
11 57.8228 109 76.5724 92988 1 1 
12 59.4427 109.157 78.149 92989 1 1 
13 71.2411 87.0271 58.4984 85146 1 0 
14 63.26 98.1183 72.7902 91591 1 0 
15 55.3767 102.929 74.48 91636 1 0 
16 58.5848 109.2 77.5997 92988 1 0 
17 79.1671 79.2108 63.3258 212501 1 0 
18 102.074 71.1305 48.3385 144866 1 1 
19 103.786 71.1894 49.9152 146117 1 1 
20 102.956 71.167 49.0157 144866 1 0 
21 83.2138 65.6192 64.8428 149804 1 1 
22 84.7544 63.9733 64.7292 151004 1 1 
23 110.26 78.6066 70.3152 215021 1 1 
24 84.0294 64.7775 64.8619 151004 1 0 
25 80.7826 74.3636 71.105 153652 1 0 
26 110.794 79.1301 69.5655 215021 1 0 
27 114.642 87.0766 51.248 207624 1 1 
28 110.87 85.5026 56.9835 210121 1 0 
29 115.669 87.0142 52.1937 207624 1 0 
30 116.384 87.0353 52.9604 208873 1 1 
31 129.097 86.2325 53.8407 208881 1 1 
32 130.696 84.685 53.9688 208883 1 1 
33 84.1695 91.0658 57.8041 210203 1 1 
34 83.4565 89.5696 59.4081 210154 1 1 
35 111.67 83.1832 65.6819 212572 1 1 
36 112.864 84.7024 64.1686 212623 1 1 
37 111.459 79.9466 68.727 213772 1 1 
38 113.06 81.2124 67.3234 213823 1 1 
39 106.055 80.7396 58.5467 210018 1 0 
40 110.762 82.2988 53.7545 208821 1 0 
41 129.778 85.5663 53.7651 208883 1 0 
42 83.9197 80.7675 58.5706 210004 1 0 
43 83.8835 90.2122 58.5074 210154 1 0 
44 82.3037 82.3118 63.2783 212553 1 0 
45 112.47 83.8635 64.8317 212572 1 0 
46 93.3976 80.69 71.1014 215010 1 0 
47 112.414 80.6908 68.0647 213772 1 0 
48 88.6327 85.416 69.5783 215107 1 0 
49 96.5899 87.0072 68.023 213862 1 0 
50 77.5573 87.0909 68.0814 88900 1 0 
